7 (-7.8819,7.03096) (-3.82006,0.423445) (-4.53047,-1.14949) (7.41454,-1.75475) (7.43197,3.89963) (6.59195,4.24667) (3.01203,3.91097) 8 (-7.8819,7.03096) (-5.08083,2.72105) (-2.01358,0.639716) (1.54779,0.337102) (4.51205,1.30617) (5.86402,2.76636) (5.28691,3.80992) (3.01203,3.91097) 
8 (-3.2601,9.3117) (-7.59688,7.59523) (-3.59684,-3.94815) (-0.864514,-1.246) (8.35166,1.38422) (9.88457,3.02016) (3.91289,1.42006) (9.03839,5.10477) 7 (-3.2601,9.3117) (-4.63922,4.57086) (-1.59548,0.873301) (2.92252,0.491201) (6.20733,1.61382) (6.9999,2.76977) (9.03839,5.10477) 
6 (-1.1797,6.75106) (-4.74647,7.30842) (-6.68686,-4.41486) (-3.85496,-3.21229) (2.42789,1.0667) (4.10171,6.06851) 9 (-1.1797,6.75106) (-3.09889,5.63138) (-4.2196,3.06774) (-4.37987,0.668277) (-3.56529,-0.67426) (-1.91723,-0.626651) (0.258765,0.740609) (2.48467,3.10914) (4.10171,6.06851) 
5 (-7.08878,-2.77809) (-4.46623,-9.7016) (9.2015,7.58821) (9.78223,8.65817) (8.89557,9.98606) 8 (-7.08878,-2.77809) (-4.50424,-4.2173) (-0.69485,-2.22403) (3.18691,1.22591) (6.3459,4.72554) (8.34437,7.43677) (9.10194,9.09039) (8.89557,9.98606) 
5 (-5.08696,1.93542) (-6.94387,-1.62892) (-8.42744,-7.5417) (0.248226,-7.1755) (0.235858,-1.09257) 6 (-5.08696,1.93542) (-6.21555,-1.2183) (-5.92743,-4.04866) (-3.99297,-5.42852) (-1.28208,-4.58361) (0.235858,-1.09257) 
5 (-2.78313,5.01026) (-5.36038,-2.08024) (-5.42118,-6.222) (5.05469,-9.58335) (1.46205,-2.45874) 5 (-2.78313,5.01026) (-4.04289,-1.0636) (-2.19193,-5.08967) (1.18938,-6.21133) (1.46205,-2.45874) 
7 (-2.04477,4.90308) (-6.45325,8.4139) (-8.80045,0.395631) (-6.40434,-6.97427) (-5.80836,-9.54661) (8.04068,-4.65414) (2.9538,-1.67154) 7 (-2.04477,4.90308) (-5.43118,4.64942) (-6.52366,0.381369) (-5.26227,-3.92125) (-1.77415,-5.86836) (2.63537,-4.71349) (2.9538,-1.67154) 
7 (-4.21754,2.55543) (-8.0623,3.74284) (-5.10624,-3.81413) (-4.30356,-7.33952) (-2.89232,-9.9558) (0.918927,-5.55626) (2.3554,-2.20324) 7 (-4.21754,2.55543) (-5.93175,1.11665) (-5.33897,-2.57033) (-3.91831,-5.68543) (-2.0067,-6.79411) (0.300021,-5.39278) (2.3554,-2.20324) 
7 (-1.80665,4.95891) (-3.70712,5.45) (-6.94018,4.81843) (-1.27302,-1.33528) (-0.622883,-9.94959) (5.54501,-6.02989) (4.36003,-0.529336) 9 (-1.80665,4.95891) (-3.22452,4.92023) (-3.86272,3.72125) (-3.37059,1.35005) (-1.95821,-1.60504) (0.00914776,-4.14801) (2.15171,-5.18401) (3.95088,-3.94463) (4.36003,-0.529336) 
7 (-1.25476,7.64936) (-4.20172,5.15104) (-9.72052,9.67452) (-0.611571,0.508049) (1.7946,-8.94608) (5.85347,-1.87849) (2.60619,2.10191) 6 (-1.25476,7.64936) (-4.3834,6.30977) (-3.5607,3.17048) (0.0992997,-1.336) (3.21997,-2.18762) (2.60619,2.10191) 
5 (-9.66027,-4.14728) (0.312431,-6.11882) (5.66258,-7.32882) (6.44966,0.524183) (6.1634,9.54278) 8 (-9.66027,-4.14728) (-4.52549,-5.09056) (-0.498598,-5.36094) (2.476,-4.62043) (4.48818,-2.69298) (5.66212,0.435552) (6.15628,4.61737) (6.1634,9.54278) 
9 (-7.00468,6.12874) (-8.42551,-7.82373) (-2.81779,-3.79692) (-3.27873,-4.50314) (7.10817,-5.68439) (7.3769,5.78874) (6.15601,5.1329) (6.49288,6.18736) (0.95075,5.97529) 5 (-7.00468,6.12874) (-3.6978,-3.9289) (3.12119,-1.13083) (5.803,4.43765) (0.95075,5.97529) 
7 (-0.764135,8.49811) (-3.45483,-1.00158) (-9.15838,-6.99968) (8.80924,-9.14414) (4.18749,-2.50774) (5.13965,6.80526) (1.76991,9.17372) 5 (-0.764135,8.49811) (-2.76002,-2.17639) (1.7615,-4.26563) (4.23079,1.87268) (1.76991,9.17372) 
8 (-5.93226,8.7336) (-8.88624,-2.44277) (1.72661,-8.6181) (5.36419,-7.1023) (9.46049,3.32667) (7.86817,3.63105) (1.25258,2.18041) (0.955144,7.81309) 5 (-5.93226,8.7336) (-1.45553,-3.27116) (5.17142,-1.73566) (4.92282,2.91694) (0.955144,7.81309) 
8 (-2.37547,4.08168) (-6.84218,5.53778) (-3.44078,-6.76075) (-3.24024,-8.11216) (2.15523,-3.01733) (7.09356,-6.22059) (9.97899,0.696728) (5.40112,5.76808) 8 (-2.37547,4.08168) (-4.35477,1.76281) (-3.47216,-2.40118) (-1.08255,-4.56109) (2.21895,-4.47012) (5.51743,-2.70344) (7.28529,0.756943) (5.40112,5.76808) 
5 (-0.74506,8.82803) (-5.49853,5.69048) (-6.76211,2.62763) (0.832158,-4.63639) (5.64488,6.9071) 9 (-0.74506,8.82803) (-2.75683,7.23952) (-3.92076,5.55783) (-4.13469,3.82235) (-3.39614,2.23233) (-1.80227,1.14687) (0.450108,1.08496) (3.06453,2.72547) (5.64488,6.9071) 
6 (-0.695725,4.21658) (-8.04715,6.35188) (-0.879009,-6.26404) (0.801868,-8.8328) (3.56266,-4.56537) (7.07433,8.18732) 6 (-0.695725,4.21658) (-3.63799,2.22171) (-1.9129,-2.49242) (0.922998,-4.51154) (3.84487,-1.27482) (7.07433,8.18732) 
6 (-0.038805,9.19321) (-7.72852,9.2831) (-3.06029,0.807205) (-5.40588,-2.34103) (-5.60809,-6.30261) (1.03448,-8.8246) 5 (-0.038805,9.19321) (-4.42908,5.75927) (-4.69841,-0.00210094) (-3.78015,-4.98821) (1.03448,-8.8246) 
5 (-9.89473,8.13683) (-4.28127,1.64569) (-8.17894,-3.87595) (-6.19797,-7.91366) (1.05153,-1.37194) 9 (-9.89473,8.13683) (-7.86334,4.98826) (-6.94858,2.07493) (-6.56968,-0.503656) (-6.23961,-2.59767) (-5.56511,-4.00701) (-4.24664,-4.48132) (-2.07843,-3.71994) (1.05153,-1.37194) 
5 (-2.8939,5.39924) (-3.14243,4.18978) (3.16041,-0.000377655) (7.81197,2.76988) (1.181,5.68685) 5 (-2.8939,5.39924) (-1.20391,3.62789) (2.24548,2.43265) (4.17739,3.1853) (1.181,5.68685) 
9 (-1.12947,8.87524) (-8.98279,-0.7787) (7.513,-7.96991) (9.38725,-2.12625) (3.95327,0.393376) (5.31205,3.09876) (9.61708,6.13634) (7.78315,7.07127) (1.1321,6.91498) 9 (-1.12947,8.87524) (-1.86732,1.06768) (2.28244,-2.11137) (5.08394,-1.7262) (6.13257,0.378078) (6.61731,2.88866) (6.87373,5.08893) (5.68264,6.53246) (1.1321,6.91498) 
6 (-9.60533,1.70486) (-8.59952,-4.58613) (-9.49293,-9.5255) (7.52756,-1.33449) (9.68768,4.29554) (4.35172,7.22694) 9 (-9.60533,1.70486) (-8.94784,-1.81798) (-7.37583,-3.96819) (-4.45394,-4.37568) (-0.60833,-3.16003) (3.21291,-0.772947) (5.87935,2.15932) (6.41777,4.99351) (4.35172,7.22694) 
5 (-0.968469,8.52619) (-6.0614,-1.38471) (-6.90255,-4.02923) (-8.24857,-6.41093) (-2.82073,-8.66419) 5 (-0.968469,8.52619) (-4.71726,0.929293) (-6.40277,-3.4685) (-6.11628,-6.32754) (-2.82073,-8.66419) 
7 (-1.62832,3.3961) (-3.70463,-2.09639) (-0.945427,-5.41554) (-0.532696,-4.48302) (1.97957,-8.59538) (4.42222,2.74343) (4.08679,9.01597) 8 (-1.62832,3.3961) (-2.28019,-0.582575) (-1.64973,-3.11652) (-0.499662,-4.34637) (0.910186,-4.07587) (2.41342,-1.72141) (3.67647,3.05306) (4.08679,9.01597) 
8 (-9.24605,8.43841) (-7.03218,-0.941179) (-9.66474,-9.54812) (-5.09212,-9.47917) (2.71777,-3.21426) (7.54065,3.55844) (9.70741,6.99076) (1.45439,4.41846) 6 (-9.24605,8.43841) (-7.65024,-2.36532) (-3.90177,-5.35234) (2.19819,-1.54253) (6.0647,3.78999) (1.45439,4.41846) 
6 (-9.28663,-8.1962) (1.09671,-7.23142) (0.415221,-2.59206) (5.04624,-9.60618) (2.88033,-3.72493) (2.49275,-2.40173) 9 (-9.28663,-8.1962) (-4.23933,-7.27226) (-1.17238,-6.38973) (0.80666,-5.9673) (2.11581,-5.85506) (2.87872,-5.63439) (3.10478,-4.91781) (2.86912,-3.64881) (2.49275,-2.40173) 
7 (-1.82032,6.23319) (-5.24297,1.33245) (-8.97465,1.90983) (-8.2954,-0.147491) (0.717272,-0.737675) (4.5619,-0.779005) (2.56095,5.0125) 9 (-1.82032,6.23319) (-4.28115,3.56634) (-5.90173,2.10422) (-6.04105,1.14097) (-4.57991,0.456232) (-1.96438,0.131885) (0.879488,0.446886) (2.75968,1.8503) (2.56095,5.0125) 
8 (-7.6352,4.8774) (-0.827103,-6.22819) (3.96484,-5.33882) (8.73817,-1.51795) (3.81491,0.816678) (5.27491,3.34154) (6.32492,7.77503) (0.348816,4.1348) 9 (-7.6352,4.8774) (-2.28111,-1.48329) (1.75913,-3.11842) (4.20657,-2.28368) (5.19212,-0.36443) (5.26232,1.88966) (4.8678,3.99881) (3.71332,5.26059) (0.348816,4.1348) 
8 (-2.25997,9.29597) (-6.91967,8.54645) (-8.21072,5.38248) (-7.01667,-1.47687) (-1.48069,-1.94542) (5.11585,-1.80822) (2.99286,8.5459) (1.07689,7.2577) 8 (-2.25997,9.29597) (-5.53561,7.51596) (-6.17373,4.37591) (-4.50042,1.53186) (-1.43612,0.48533) (1.43006,1.97767) (2.41347,5.3822) (1.07689,7.2577) 
5 (-8.20202,1.99703) (-3.01453,-0.674788) (7.35678,-7.55528) (5.84342,-0.321725) (7.93166,1.84459) 8 (-8.20202,1.99703) (-4.78848,0.152985) (-1.1099,-1.65838) (2.12753,-2.71734) (4.54305,-2.67904) (6.08131,-1.57353) (7.01235,0.194285) (7.93166,1.84459) 
6 (-3.30089,7.10588) (-4.52075,8.32742) (-2.55437,-7.51283) (3.95857,-7.7347) (2.62533,5.34331) (0.165239,2.79397) 6 (-3.30089,7.10588) (-3.23693,3.83981) (-1.19587,-1.22851) (1.0919,-2.08951) (1.77942,1.19099) (0.165239,2.79397) 
9 (-9.26575,3.12144) (-5.72065,1.34372) (-8.51689,-6.98636) (-9.1706,-8.40637) (0.800838,-5.70709) (3.55206,-7.33224) (4.18289,-6.81137) (4.7435,-6.66472) (5.42195,-4.56953) 9 (-9.26575,3.12144) (-7.60456,-0.309268) (-6.8426,-3.9419) (-4.75328,-5.97689) (-1.52966,-6.68442) (1.58531,-6.77686) (3.67226,-6.59473) (4.74316,-6.00343) (5.42195,-4.56953) 
5 (-6.37344,-7.93576) (9.26514,-8.72126) (8.68415,-4.19847) (5.66461,1.32083) (6.13544,7.32891) 8 (-6.37344,-7.93576) (0.73426,-7.78332) (4.78831,-6.61041) (6.63524,-4.66169) (7.0431,-2.1438) (6.70145,0.774654) (6.22137,3.96308) (6.13544,7.32891) 
5 (-9.85302,3.81831) (-1.13355,0.332054) (-5.09288,-6.52478) (2.72908,-9.36317) (2.25889,-4.28156) 5 (-9.85302,3.81831) (-4.53331,-0.483722) (-1.98558,-4.73352) (0.700152,-6.65064) (2.25889,-4.28156) 
5 (-6.37162,1.09753) (-2.36198,-3.16162) (-2.11259,-7.57196) (2.98116,-3.33211) (9.42524,3.08456) 5 (-6.37162,1.09753) (-3.28155,-2.7279) (-0.446576,-4.20154) (3.65865,-2.17089) (9.42524,3.08456) 
5 (-8.1792,-4.62238) (4.75959,-1.45954) (6.88194,6.54322) (9.57845,9.4985) (6.80318,9.7678) 6 (-8.1792,-4.62238) (-0.0875112,-1.22732) (4.6087,2.86689) (7.09209,6.46741) (7.87574,8.85176) (6.80318,9.7678) 
5 (-0.56837,8.25109) (-9.29324,-8.66033) (5.30029,-4.01268) (5.13653,-0.79285) (5.41131,4.19357) 8 (-0.56837,8.25109) (-3.12054,0.970145) (-2.31565,-2.48678) (-0.0191416,-3.33554) (2.43602,-2.53029) (4.24938,-0.763479) (5.15297,1.53416) (5.41131,4.19357) 
9 (-6.04505,-1.69455) (7.7013,-4.84974) (4.37507,0.768632) (6.81234,3.13218) (4.77318,4.23845) (6.78903,7.52661) (1.81915,6.67859) (1.62389,9.23519) (0.316263,3.07848) 8 (-6.04505,-1.69455) (2.82622,-1.88321) (5.10178,0.694943) (5.42019,3.32704) (4.82893,5.40534) (3.45938,6.70431) (1.73829,6.63994) (0.316263,3.07848) 
8 (-7.55209,6.1072) (-8.75235,-5.48728) (1.21961,-6.5271) (7.05326,-5.32022) (8.47,-3.91756) (9.20063,-3.46288) (8.81565,-2.66717) (5.32775,0.450562) 7 (-7.55209,6.1072) (-4.5395,-2.45348) (1.44256,-4.78592) (5.94029,-4.55965) (8.00396,-3.55133) (7.86144,-2.13034) (5.32775,0.450562) 
5 (-5.06226,-7.18516) (6.91174,-3.83503) (6.20521,-2.89483) (4.15082,6.30943) (0.602875,9.83648) 6 (-5.06226,-7.18516) (1.81789,-4.78126) (4.53015,-2.03609) (4.58922,1.68189) (3.06907,6.05905) (0.602875,9.83648) 
9 (-3.72355,2.45162) (-4.17443,2.43674) (-3.60599,-1.02582) (-1.77066,-1.59612) (-0.820579,-9.67032) (0.876197,-5.03856) (3.76905,-6.55659) (9.4491,-3.9149) (0.704144,4.18254) 7 (-3.72355,2.45162) (-3.55901,0.767691) (-2.25808,-2.35581) (-0.249167,-4.94517) (2.4377,-5.38575) (4.72254,-2.97576) (0.704144,4.18254) 
7 (-2.19925,3.13105) (-2.64187,2.29103) (-9.52671,6.13853) (-3.07479,-0.193061) (3.48276,2.5584) (6.30638,8.17183) (1.95143,2.66921) 7 (-2.19925,3.13105) (-3.84519,3.2183) (-4.30696,3.20557) (-2.03775,3.04953) (1.4734,3.73372) (3.64467,4.73261) (1.95143,2.66921) 
9 (-5.76256,8.18909) (-3.49173,2.52548) (-6.61468,1.52056) (-4.43102,-5.43237) (9.27008,-9.67761) (9.65147,3.41716) (5.7774,3.75999) (3.86243,4.51434) (3.23823,5.51739) 9 (-5.76256,8.18909) (-4.79421,3.70668) (-3.441,0.0974178) (-0.191004,-2.25778) (3.58691,-2.23595) (5.8683,-0.0544914) (5.83182,2.68247) (4.39251,4.49552) (3.23823,5.51739) 
9 (-3.04772,8.82185) (-2.6697,2.1566) (-5.39346,-9.06442) (-0.124682,-4.45092) (2.74622,-7.58079) (8.91354,-5.37264) (4.2192,8.71411) (3.94051,9.97691) (0.71824,4.14557) 8 (-3.04772,8.82185) (-3.09403,0.888824) (-1.73681,-3.81969) (1.10983,-4.67193) (3.75757,-2.21353) (4.63279,2.62319) (3.41147,6.52231) (0.71824,4.14557) 
9 (-9.46227,-0.110168) (-5.32471,-1.22779) (-8.86684,-2.48055) (-8.17803,-4.95043) (-8.1579,-5.40469) (9.69724,9.37149) (2.22254,4.76339) (0.582478,5.59325) (0.0429668,6.28663) 6 (-9.46227,-0.110168) (-7.46071,-2.0415) (-5.36552,-1.8596) (-0.101745,2.23351) (1.81885,5.40948) (0.0429668,6.28663) 
6 (-0.744376,5.36279) (-2.53403,4.92631) (5.64411,-8.19035) (7.46713,3.93976) (4.67797,4.65657) (7.86443,8.12317) 5 (-0.744376,5.36279) (1.04182,1.48386) (4.65476,0.590451) (6.14353,4.16572) (7.86443,8.12317) 
5 (-5.49576,0.116195) (-6.55567,-7.13947) (-2.43441,-3.68933) (-4.59691,-7.08871) (7.69316,2.28349) 7 (-5.49576,0.116195) (-5.52631,-3.23303) (-4.75582,-4.56264) (-3.56371,-4.79057) (-1.73306,-4.14625) (1.54938,-2.17072) (7.69316,2.28348) 
9 (-6.61341,4.05577) (-3.27911,-9.36532) (1.78678,-5.77403) (2.50182,-2.2829) (1.82197,-1.64079) (2.72965,-2.45078) (4.14947,0.055912) (7.5933,3.84061) (1.45609,5.34598) 6 (-6.61341,4.05577) (-1.20395,-4.5898) (1.65912,-3.26253) (3.10938,-1.21071) (4.51948,1.73865) (1.45609,5.34598) 
6 (-8.66541,9.36698) (6.40639,-8.54294) (7.68314,-6.64086) (5.42642,-0.885983) (6.87333,4.91881) (0.836467,7.59073) 9 (-8.66541,9.36698) (-1.20476,0.971684) (3.08169,-2.90539) (5.19305,-3.65305) (5.92704,-2.38848) (5.82358,0.000564098) (5.10841,2.81347) (3.63665,5.49454) (0.836467,7.59073) 
5 (-3.20215,4.42275) (-2.02763,-7.70729) (8.7055,-8.94835) (5.82006,-4.58601) (8.11039,5.72265) 9 (-3.20215,4.42275) (-1.88959,-0.661348) (0.272228,-3.93229) (2.56578,-5.58835) (4.51944,-5.79487) (5.90752,-4.68416) (6.75028,-2.35559) (7.31387,1.12448) (8.11039,5.72265) 
9 (-1.62045,3.72369) (-4.84766,3.85472) (3.97158,-9.51794) (3.96434,-8.45371) (7.22805,-7.33651) (9.72529,-6.1756) (5.98777,-0.573081) (8.66231,0.665416) (0.67871,4.84893) 5 (-1.62045,3.72369) (1.4797,-4.09705) (6.17586,-6.1352) (6.99513,-1.66262) (0.67871,4.84893) 
7 (-0.51629,7.77261) (-8.31758,4.1656) (-4.44231,-1.17727) (7.26401,0.263062) (4.00181,0.223408) (6.75983,7.29928) (5.5616,7.54742) 7 (-0.51629,7.77261) (-3.98232,4.06128) (-1.65589,1.59853) (2.09955,1.17285) (4.67715,2.69867) (5.73148,5.5134) (5.5616,7.54742) 
7 (-0.804734,8.65141) (-0.5204,2.93483) (-9.86487,9.60693) (5.82477,-7.95253) (5.90674,-4.69306) (2.23523,1.44435) (0.714067,0.702456) 5 (-0.804734,8.65141) (-2.2821,4.23756) (1.0519,-0.776775) (3.11515,-1.46974) (0.714067,0.702456) 
5 (-7.63095,-6.30661) (-9.60488,-8.42444) (8.07573,-5.71765) (4.2899,2.76859) (4.05694,3.70837) 8 (-7.63095,-6.30661) (-6.80423,-6.92084) (-3.65576,-6.36999) (-0.0711327,-4.80137) (2.72521,-2.50505) (4.16995,0.0861819) (4.36088,2.39676) (4.05694,3.70837) 
9 (-5.90922,8.21726) (-4.01258,5.53319) (-6.05171,6.53041) (-5.89575,5.59238) (-9.15518,7.38182) (-1.28099,-7.94243) (5.75588,-7.14085) (9.93209,-5.66757) (7.45656,-2.10232) 9 (-5.90922,8.21726) (-5.21785,6.6566) (-5.56765,5.92087) (-5.50065,4.42372) (-3.91461,1.45731) (-0.465143,-2.23819) (3.97187,-4.80187) (7.42175,-4.71476) (7.45656,-2.10232) 
9 (-8.44985,-0.295113) (-7.66837,-2.05699) (-9.05106,-3.91575) (-9.69492,-7.45746) (-4.9858,-6.99035) (-2.1369,-3.76369) (-4.7673,-9.86032) (6.07986,1.30058) (3.28604,5.3354) 7 (-8.44985,-0.295113) (-8.32695,-2.83285) (-7.70967,-5.05353) (-5.53271,-5.87676) (-2.4962,-5.08436) (1.38796,-1.45056) (3.28604,5.3354) 
8 (-7.82328,7.61785) (-9.45097,6.12126) (-6.58199,1.48104) (-2.01951,-4.69611) (7.93361,-4.79591) (8.93547,3.93514) (8.39264,4.62157) (0.255381,4.68651) 5 (-7.82328,7.61785) (-5.81595,2.34708) (1.88625,-1.02325) (6.59893,2.21534) (0.255381,4.68651) 
5 (-1.42033,5.18943) (-4.91681,4.98426) (-9.33672,8.65247) (-3.23868,-8.15225) (2.67532,9.01839) 6 (-1.42033,5.18943) (-4.10844,5.3019) (-5.53907,4.36409) (-4.79092,2.24009) (-1.79302,1.81969) (2.67532,9.01839) 
9 (-2.89089,6.1024) (-9.61264,7.88198) (-9.03402,2.4141) (-6.05239,-8.86015) (-3.63496,-7.80411) (-1.33955,-3.06451) (3.08587,-3.19693) (2.30403,3.36024) (2.46198,8.50189) 6 (-2.89089,6.1024) (-7.42668,2.68717) (-5.34766,-3.44813) (-1.52492,-3.8227) (1.66208,0.729518) (2.46198,8.50189) 
6 (-6.3776,6.31422) (-7.71527,3.3245) (-7.49905,2.69621) (-4.37174,-0.75615) (-0.404998,-4.05039) (1.19545,2.36907) 9 (-6.3776,6.31422) (-6.94846,4.72326) (-6.93117,3.4007) (-6.30688,2.09049) (-5.14036,0.764201) (-3.57162,-0.384824) (-1.80754,-0.947311) (-0.113409,-0.30389) (1.19545,2.36907) 
5 (-2.16439,2.03187) (-2.3967,-8.45024) (8.98229,0.569141) (2.83493,9.77552) (2.66521,9.95173) 5 (-2.16439,2.03187) (0.342064,-2.30489) (3.50922,1.29372) (3.81318,7.00472) (2.66521,9.95173) 
7 (-4.30547,3.78571) (-5.13983,1.78251) (-7.48928,0.271755) (-8.90267,-0.651952) (-4.35439,-0.320249) (-4.67408,-5.60029) (-5.55133,-9.59137) 9 (-4.30547,3.78571) (-5.18435,2.40315) (-6.1565,1.26543) (-6.71239,0.308208) (-6.63201,-0.663731) (-6.05043,-1.95275) (-5.3876,-3.86375) (-5.14249,-6.51889) (-5.55133,-9.59137) 
7 (-2.76257,8.72114) (-6.41638,-5.1963) (-1.73013,-4.90944) (5.20856,-9.81822) (3.19287,-1.74922) (4.81066,-2.06186) (7.77741,2.14297) 7 (-2.76257,8.72114) (-3.54342,-0.695517) (-1.00622,-4.54907) (1.89833,-5.13952) (3.89231,-3.56331) (5.44051,-1.03113) (7.77741,2.14297) 
5 (-8.68776,1.58603) (3.22475,-1.07322) (7.311,3.47554) (0.781058,4.36502) (0.2275,6.36771) 9 (-8.68776,1.58603) (-3.48228,0.851075) (0.191248,1.01167) (2.3724,1.69588) (3.21431,2.62339) (2.98371,3.60553) (2.06088,4.54528) (0.939668,5.43726) (0.2275,6.36771) 
9 (-3.70746,2.70315) (-5.76824,2.54645) (-4.38019,-3.65656) (-0.0779934,-4.65751) (0.853013,-4.10142) (7.00913,-8.48991) (1.68506,-0.137679) (9.59028,5.03867) (3.12915,3.89556) 5 (-3.70746,2.70315) (-3.04601,-1.70487) (1.57183,-4.14966) (4.90677,-0.545968) (3.12915,3.89556) 
6 (-5.26217,1.98793) (-6.61358,-5.659) (-6.21245,-7.30764) (6.01113,-6.74707) (7.90678,1.23539) (2.87971,4.42871) 5 (-5.26217,1.98793) (-4.85555,-4.26383) (0.0646987,-4.88276) (4.7475,-0.962678) (2.87971,4.42871) 
8 (-2.33425,8.25698) (-7.01932,-1.14624) (-6.89698,-1.83472) (-4.32405,-1.55169) (-1.05444,-7.26293) (-0.0369473,-4.6644) (1.6815,-5.80709) (6.14442,-3.04898) 5 (-2.33425,8.25698) (-5.45291,-0.575128) (-2.87042,-3.81608) (0.81184,-5.03683) (6.14442,-3.04898) 
8 (-5.83899,5.42183) (-8.34841,6.18967) (-5.81418,3.04066) (-8.44224,-2.26346) (3.38483,-7.30321) (9.74596,-2.40864) (1.78247,8.01099) (0.22002,4.85769) 9 (-5.83899,5.42183) (-6.86394,4.93803) (-6.34137,2.76851) (-4.35204,0.11123) (-1.1408,-1.65529) (2.09722,-1.41733) (3.64068,1.04242) (2.51085,4.34414) (0.22002,4.85769) 
8 (-6.59636,-2.1998) (-6.47277,-2.18727) (-5.9208,-5.99956) (-2.38209,-9.61815) (7.01364,-4.17478) (8.98842,-2.58646) (7.41398,3.10626) (0.51757,5.92248) 6 (-6.59636,-2.1998) (-5.41936,-4.14817) (-1.0871,-5.65209) (4.32602,-3.68329) (6.01177,0.888929) (0.51757,5.92248) 
8 (-0.135457,5.27759) (-1.57761,3.92286) (-2.6156,1.33573) (-3.6594,-8.76388) (4.1713,-7.43431) (4.93702,-8.45436) (8.48627,4.34561) (3.53334,8.14608) 9 (-0.135457,5.27759) (-1.23305,3.44) (-1.64867,0.305614) (-0.906994,-2.9908) (0.925195,-5.04004) (3.22779,-4.83779) (5.131,-1.96347) (5.69582,3.13526) (3.53334,8.14608) 
6 (-5.97081,0.181423) (-9.26166,-7.18754) (3.59486,-9.43332) (4.9571,-6.56081) (7.29764,-5.59168) (1.08038,8.56584) 8 (-5.97081,0.181423) (-5.75207,-4.0496) (-2.71922,-6.34295) (0.745339,-6.96555) (3.37699,-6.11904) (4.58535,-3.73176) (4.01067,0.749155) (1.08038,8.56584) 
7 (-5.34734,8.50748) (-1.92713,-0.374712) (-6.36059,-4.60519) (-2.18915,-9.60099) (-1.80878,-9.30639) (2.9202,-3.49191) (6.70429,-2.16716) 7 (-5.34734,8.50748) (-3.97319,1.18164) (-3.64311,-3.80154) (-2.4845,-6.52427) (-0.280831,-6.65451) (2.88558,-4.55064) (6.70429,-2.16716) 
7 (-4.69953,5.86105) (-6.99519,2.39369) (-7.98503,-2.38529) (-4.75421,-6.19339) (4.57758,-6.30661) (2.49715,2.80147) (7.2487,9.3524) 8 (-4.69953,5.86105) (-6.10993,2.62401) (-5.94944,-0.565459) (-4.07668,-2.78622) (-1.1036,-3.14659) (1.94267,-1.02694) (4.40789,3.54018) (7.2487,9.3524) 
8 (-3.99892,9.05784) (-0.948069,1.91817) (-4.32844,8.63274) (-4.18631,6.86348) (-7.11358,1.46689) (2.31841,-9.13352) (8.17934,-4.85396) (3.64869,3.00324) 9 (-3.99892,9.05784) (-2.87827,6.04194) (-3.27445,5.65611) (-3.65303,4.63812) (-3.02686,2.12935) (-0.921208,-1.08903) (2.23295,-3.2034) (4.72384,-2.16157) (3.64869,3.00324) 
8 (-6.20777,1.03798) (-4.26714,0.435428) (-6.64812,-8.44037) (-4.01701,-9.4453) (-0.110366,-5.35431) (7.65245,-1.52749) (4.3732,2.00512) (9.78091,7.23856) 5 (-6.20777,1.03798) (-4.8353,-4.31249) (-0.930089,-5.48399) (4.7178,-0.453017) (9.78091,7.23856) 
6 (-3.57966,9.95116) (-0.779899,1.78847) (2.30597,-4.94656) (8.97375,-8.79388) (9.24289,0.446663) (0.381824,2.12012) 8 (-3.57966,9.95116) (-1.45178,4.47044) (1.01898,0.0119742) (3.59701,-2.86698) (5.67627,-3.73774) (6.42682,-2.58295) (4.94136,-0.0792248) (0.381824,2.12012) 
9 (-3.39526,5.11607) (-3.25389,3.4538) (-7.08059,-9.05187) (7.92099,-9.19847) (7.96166,-3.03077) (8.29351,-0.308422) (5.02239,4.47597) (4.81217,8.31516) (0.844452,7.32455) 9 (-3.39526,5.11607) (-3.30064,0.790555) (-0.86795,-3.54403) (2.82707,-4.69896) (5.53756,-2.99247) (6.32303,0.235354) (5.4987,3.77532) (3.71952,6.60204) (0.844452,7.32455) 
6 (-1.54829,2.42458) (-5.5089,6.87187) (-4.0026,-4.28838) (-3.18384,-4.44545) (1.06773,-0.0172138) (0.112638,8.30499) 5 (-1.54829,2.42458) (-3.86568,1.77966) (-2.98456,-1.32298) (-0.824464,0.517986) (0.112638,8.30499) 
7 (-7.61875,-1.89619) (-3.39519,-2.4197) (-6.22375,-7.12494) (-0.214598,-4.17607) (9.8097,-8.71832) (5.6227,4.19753) (0.388451,3.30037) 8 (-7.61875,-1.89619) (-5.35732,-3.0809) (-3.56794,-4.41264) (-0.78641,-4.9769) (2.46913,-4.32427) (4.58485,-2.09671) (3.96722,1.34604) (0.388451,3.30037) 
7 (-5.51732,8.93686) (-7.03974,7.99731) (-7.73341,7.35628) (-2.53238,-2.28107) (-1.22094,-6.52783) (8.42289,-3.72994) (0.0167255,7.66512) 5 (-5.51732,8.93686) (-6.11886,6.08897) (-2.84632,0.140806) (2.01797,-1.92077) (0.0167255,7.66512) 
5 (-2.87624,2.33584) (-0.96386,0.373652) (-7.3043,-3.92292) (8.20245,-2.94008) (1.15469,1.11642) 8 (-2.87624,2.33584) (-2.47401,1.01345) (-2.42117,-0.405143) (-1.72865,-1.53442) (-0.152098,-2.08703) (1.80813,-1.87376) (2.90698,-0.803579) (1.15469,1.11642) 
9 (-2.07395,6.22063) (-2.44766,2.77531) (-8.74884,6.26041) (-7.64944,-6.10662) (5.52007,-9.73343) (7.05099,-6.74111) (9.86462,4.73719) (2.06578,9.50278) (1.8808,9.35909) 5 (-2.07395,6.22063) (-4.49538,1.06978) (1.48783,-3.82452) (5.54286,2.59181) (1.8808,9.35909) 
6 (-2.83176,6.53946) (-7.85124,3.00851) (-4.068,-0.541939) (4.64567,-2.76315) (5.10155,9.65054) (1.64389,9.4008) 5 (-2.83176,6.53946) (-4.36519,2.50653) (-0.286238,1.44327) (3.15742,5.32198) (1.64389,9.4008) 
7 (-1.65953,9.44287) (-6.71473,3.12734) (-4.7089,0.536411) (-7.0135,-4.26242) (2.66702,-8.0288) (6.25338,-5.90159) (1.08608,6.40198) 9 (-1.65953,9.44287) (-4.14981,5.37966) (-4.8913,2.10201) (-4.37534,-0.767618) (-2.7225,-3.10054) (-0.277907,-4.3911) (2.10061,-3.8711) (3.06158,-0.609607) (1.08608,6.40198) 
5 (-4.71282,1.08117) (-5.04442,-6.98891) (-1.3026,-2.51527) (8.20988,-9.02128) (3.47477,-2.7272) 9 (-4.71282,1.08117) (-4.48877,-1.95013) (-3.49563,-3.57045) (-1.84469,-4.46671) (0.225514,-5.04865) (2.3492,-5.44885) (4.03335,-5.5227) (4.6577,-4.84846) (3.47477,-2.7272) 
8 (-6.0946,9.55049) (-7.46594,0.650528) (1.1204,-3.7296) (3.33629,-8.40792) (1.68845,0.410289) (6.15195,2.47944) (6.20845,6.28187) (5.4837,8.52017) 5 (-6.0946,9.55049) (-2.03599,-1.0782) (2.49353,-1.87166) (5.06936,3.41056) (5.4837,8.52017) 
6 (-9.67323,2.14445) (-5.48962,1.00805) (-9.97907,-1.08466) (-9.31438,-4.49978) (-4.38789,-5.91052) (7.32933,5.48203) 7 (-9.67323,2.14445) (-8.01038,0.929593) (-8.05005,-0.7042) (-7.64581,-2.27282) (-5.45422,-2.83358) (-0.654916,-0.9269) (7.32933,5.48203) 
5 (-6.17666,6.30234) (-9.86094,3.13477) (7.5731,4.8901) (5.43932,8.78107) (0.229235,1.74721) 6 (-6.17666,6.30234) (-5.26616,4.84415) (-0.749824,4.98368) (2.85404,5.59404) (3.22275,5.15384) (0.229235,1.74721) 
5 (-6.87051,7.8338) (-7.93786,5.21519) (-3.01366,-5.83939) (1.16879,-6.828) (8.63013,-7.79323) 8 (-6.87051,7.8338) (-6.82081,5.50835) (-5.71222,2.24511) (-3.85463,-1.08932) (-1.45044,-3.91366) (1.40543,-5.93196) (4.7256,-7.13358) (8.63013,-7.79323) 
9 (-1.32454,8.71491) (-8.43447,5.76562) (-6.922,0.920809) (-8.98946,-5.87911) (-9.10655,-6.90488) (-6.20611,-9.78913) (-0.610934,-7.63858) (5.19579,-7.00239) (6.47809,6.3632) 6 (-1.32454,8.71491) (-6.87929,2.38814) (-7.59368,-3.96554) (-4.86444,-7.0879) (1.23095,-5.33095) (6.47809,6.3632) 
8 (-4.73087,5.2228) (-6.52315,-0.400255) (-8.01566,-1.89708) (-8.49779,-2.27482) (-4.01079,-2.70568) (-9.47792,-7.90843) (3.23984,-3.62949) (6.79523,1.08603) 5 (-4.73087,5.2228) (-6.9663,-0.663871) (-6.45378,-3.14166) (-2.32113,-4.07012) (6.79523,1.08603) 
6 (-2.58853,6.67081) (-5.76228,3.26974) (-7.19054,-1.86667) (-5.42612,-8.03017) (-2.69006,-7.13337) (3.05484,0.401661) 6 (-2.58853,6.67081) (-4.97512,2.68621) (-5.60541,-1.67276) (-4.46074,-4.70362) (-1.61797,-4.5073) (3.05484,0.401661) 
6 (-3.4313,9.9028) (-7.23539,1.7806) (3.34753,-9.11225) (2.58813,-6.63938) (8.63323,4.90827) (2.81452,5.01037) 5 (-3.4313,9.9028) (-2.43658,0.144828) (2.05403,-3.41121) (4.9497,0.614495) (2.81452,5.01037) 
7 (-1.52705,5.16214) (-9.29791,4.00146) (-7.08355,-0.438823) (-7.57885,-8.4325) (0.209664,-7.42905) (3.9276,2.42525) (3.44487,7.50707) 7 (-1.52705,5.16214) (-6.07321,2.73888) (-6.49169,-1.04937) (-4.45296,-3.67873) (-0.995665,-2.9619) (2.30518,1.54329) (3.44487,7.50707) 
6 (-2.6947,5.48866) (-9.00477,-7.30939) (-1.02339,-5.93088) (7.76377,6.13021) (5.48858,6.88174) (3.72148,8.93647) 7 (-2.6947,5.48866) (-4.59853,-1.46474) (-2.13714,-2.30709) (1.58905,0.446255) (4.30287,4.2061) (4.88715,7.12895) (3.72148,8.93647) 
6 (-5.28095,3.76274) (-3.54307,-3.82542) (-5.86165,-7.68375) (5.56384,-1.87833) (8.96733,9.49955) (0.112885,2.57576) 8 (-5.28095,3.76274) (-4.42749,-0.74464) (-3.16756,-3.00133) (-0.844047,-2.808) (2.03799,-0.605696) (4.21897,2.45449) (4.09247,4.44171) (0.112885,2.57576) 
9 (-4.54484,8.56769) (-0.544759,-5.69276) (1.84705,-9.05248) (8.45845,-8.38752) (7.45684,-3.19766) (9.08669,5.02751) (5.683,4.44782) (3.87147,5.21029) (1.4077,9.13197) 8 (-4.54484,8.56769) (-0.340871,-2.43916) (3.49498,-5.59213) (6.13451,-3.88443) (6.98636,-0.038619) (6.11454,3.53049) (4.02374,6.00288) (1.4077,9.13197) 
9 (-8.10617,2.68849) (-5.31061,1.12985) (-8.73081,0.807987) (-6.07126,-1.14311) (-5.73079,-3.01192) (1.50345,-4.24455) (9.75951,-4.16109) (5.74854,7.91741) (3.19995,9.95357) 9 (-8.10617,2.68849) (-6.98055,1.42665) (-6.6307,0.213628) (-5.27114,-1.09136) (-2.45919,-2.03676) (1.30842,-1.77596) (4.53541,0.649412) (5.29247,5.44272) (3.19995,9.95357) 
8 (-0.0300903,8.86609) (-5.88885,5.21645) (-8.05837,-9.21304) (-1.29055,-3.23506) (1.29859,-2.27778) (6.8909,-4.66819) (8.88106,3.36986) (7.46848,9.09367) 7 (-0.0300903,8.86609) (-4.26486,2.05601) (-3.52343,-2.51696) (0.0324105,-3.17493) (4.1938,-1.5257) (7.23516,2.51503) (7.46848,9.09367) 
5 (-0.520097,5.7035) (-7.22709,8.30841) (-6.41984,-9.38643) (0.114134,-3.55836) (3.6935,0.164814) 6 (-0.520097,5.7035) (-4.15051,4.20669) (-4.6717,-0.175737) (-2.82397,-3.03018) (0.387676,-2.60993) (3.6935,0.164814) 
